[gd_scene load_steps=10 format=3 uid="uid://d1kvyjfdw0e3e"]

[ext_resource type="PackedScene" uid="uid://bqodtnn4b6jng" path="res://levels/hrad_2/hrad_2.glb" id="1_hwuwg"]
[ext_resource type="PackedScene" uid="uid://dc4jc2sdqocqg" path="res://VFX/fire/Fire.tscn" id="2_426s5"]
[ext_resource type="PackedScene" uid="uid://dt45p04n7o85i" path="res://scenes/exit_zone.tscn" id="5_pua7d"]
[ext_resource type="PackedScene" uid="uid://8np8ds706ft2" path="res://levels/entrance_model/doors.glb" id="6_tx34c"]
[ext_resource type="Script" uid="uid://bs0jpfy1oclj3" path="res://scripts/doors.gd" id="7_ouefy"]
[ext_resource type="PackedScene" uid="uid://dfs76jfbgmbjp" path="res://scenes/seller/seller.tscn" id="7_tx34c"]

[sub_resource type="Environment" id="Environment_426s5"]
background_mode = 2
sky_custom_fov = 7.0
ambient_light_color = Color(0.151481, 0.291334, 0.368809, 1)
ambient_light_sky_contribution = 0.76
ambient_light_energy = 1.72
tonemap_mode = 2
glow_enabled = true
fog_light_color = Color(0.513974, 0.561287, 0.563139, 1)
fog_light_energy = 0.02
fog_density = 0.0
fog_height = 0.25
volumetric_fog_enabled = true
volumetric_fog_density = 0.0791
volumetric_fog_emission_energy = 17.25
volumetric_fog_gi_inject = 1.58

[sub_resource type="CylinderShape3D" id="CylinderShape3D_k7fv6"]
radius = 1.83252

[sub_resource type="NavigationMesh" id="NavigationMesh_tx34c"]
vertices = PackedVector3Array(-10.2896, 0.355184, -14.2757, -9.03961, 0.355184, -14.5257, -9.03961, 0.355184, -18.0257, -7.28961, 0.355184, -18.2757, -7.53961, 0.355184, -32.0257, -25.5396, 0.355184, -13.0257, -10.2896, 0.355184, -12.7757, -25.5396, 0.355184, -32.0257, 7.21039, 0.355184, -18.5257, 7.21039, 0.355184, -32.0257, 7.71039, 0.355184, -15.0257, 10.2104, 0.355184, -15.0257, 10.4604, 0.355184, -15.5257, 7.71039, 0.355184, -18.2757, 13.7104, 0.355184, -15.5257, 13.7104, 0.355184, -32.0257, 15.7104, 0.355184, -15.5257, 15.9604, 0.355184, -13.7757, 30.2104, 0.355184, -14.0257, 30.2104, 0.355184, -32.0257, -7.78961, 2.85518, -13.2757, 6.71039, 2.85518, -13.5257, 6.71039, 2.85518, -17.5257, -8.03961, 2.85518, -17.2757, -7.53961, 0.355184, -13.5257, 6.46039, 0.355184, -13.7757, 6.46039, 0.355184, -17.2757, -7.78961, 0.355184, -17.0257, 1.21039, 0.355184, -9.27573, -0.28961, 0.605184, -9.27573, 1.21039, 0.355184, -8.77573, 5.46039, 0.355184, -8.02573, 4.71039, 0.605184, -9.27573, 4.46039, 0.355184, -8.02573, 4.96039, 0.355184, -7.52573, 2.46039, 0.355184, -10.5257, 10.2104, 0.355184, -10.7757, 7.46039, 0.355184, -12.5257, 1.21039, 0.355184, -10.7757, 3.71039, 0.355184, -5.52573, 3.96039, 0.855184, -6.77573, 3.21039, 0.355184, -6.77573, 3.21039, 0.355184, -7.52573, 3.21039, 0.355184, -8.02573, -8.03961, 0.355184, -12.2757, -8.03961, 0.355184, -10.7757, 1.21039, 0.355184, -7.52573, 1.46039, 0.355184, -2.52573, 1.96039, 0.355184, -2.02573, 4.21039, 0.355184, -5.27573, 0.21039, 0.355184, -7.27573, 0.21039, 0.355184, -2.27573, 11.2104, 2.35518, -14.5257, 11.2104, 2.35518, -10.7757, 14.9604, 2.35518, -10.7757, 14.9604, 2.35518, -14.5257, 11.4604, 0.355184, -14.2757, 11.4604, 0.355184, -10.7757, 14.7104, 0.355184, -10.7757, 14.7104, 0.355184, -14.2757, 15.9604, 0.355184, -10.7757, 17.2104, 0.355184, -10.7757, 17.4604, 0.355184, -10.0257, 30.2104, 0.355184, -10.0257, -25.5396, 0.355184, 12.9743, -11.0396, 0.355184, 12.9743, -11.0396, 0.355184, 11.9743, -10.2896, 0.355184, 11.7243, 17.2104, 0.355184, -9.27573, 16.4604, 0.355184, 10.7243, 30.2104, 0.355184, 10.9743, 15.9604, 0.355184, -9.27573, 5.71039, 0.355184, -6.02573, 4.96039, 0.605184, -5.77573, 4.96039, 0.355184, -5.27573, 5.71039, 0.355184, -6.77573, 7.46039, 0.355184, -7.27573, 10.2104, 0.355184, -9.27573, 8.96039, 0.355184, -9.27573, 8.71039, 0.355184, -8.52573, 9.21039, 0.355184, -1.27573, 9.46039, 0.355184, -0.0257263, 10.4604, 0.355184, -0.0257263, 7.96039, 0.355184, -8.52573, 2.21039, 0.355184, -0.775726, 1.71039, 0.355184, -0.525726, 7.21039, 0.355184, 0.224274, 7.46039, 0.355184, -1.27573, 15.2104, 2.35518, -8.52573, 14.9604, 2.35518, -9.27573, 13.7104, 2.35518, -9.27573, 13.4604, 2.35518, -8.52573, 15.4604, 2.35518, 11.4743, 11.7104, 2.35518, -8.52573, 11.2104, 2.35518, 12.9743, 14.7104, 2.35518, 12.7243, 14.7104, 2.35518, 11.7243, 11.7104, 2.35518, 12.2243, -6.78961, 2.35518, 12.7243, -6.78961, 2.35518, 13.2243, 11.2104, 2.35518, -9.27573, 14.7104, 0.355184, -9.27573, 13.7104, 0.355184, -9.27573, 13.4604, 0.355184, -8.52573, 14.9604, 0.355184, -8.27573, 11.4604, 0.355184, -8.77573, 11.7104, 0.355184, 9.97427, 11.9604, 0.355184, 11.2243, 15.2104, 0.355184, 11.2243, -6.03961, 0.355184, -4.77573, -6.78961, 0.355184, -4.27573, -6.28961, 0.355184, -4.02573, -0.53961, 0.355184, -7.52573, -0.78961, 0.355184, -8.27573, -1.78961, 0.355184, -7.27573, -2.78961, 0.355184, -7.27573, -2.78961, 0.605184, -8.52573, -3.53961, 0.355184, -8.52573, -4.28961, 0.355184, -7.77573, -6.03961, 0.355184, -6.52573, -6.78961, 0.355184, -7.52573, -5.78961, 0.355184, -1.27573, -0.53961, 0.355184, -1.27573, -6.78961, 0.355184, 0.974274, -6.78961, 0.355184, 1.72427, -6.28961, 0.355184, 1.97427, -6.03961, 0.355184, 0.224274, -5.03961, 0.355184, 3.47427, -3.28961, 0.355184, 3.47427, -0.53961, 0.355184, -0.525726, -6.53961, 0.355184, 4.72427, -5.28961, 0.355184, 4.72427, -3.03961, 0.355184, 3.97427, 0.21039, 0.355184, -0.0257263, 9.21039, 0.355184, 0.974274, 10.7104, 0.355184, 11.4743, -5.03961, 0.355184, 5.72427, -6.78961, 0.355184, 11.7243, 7.46039, 0.355184, 0.974274, -3.28961, 0.355184, 5.72427, 16.4604, 0.355184, 12.2243, 15.7104, 0.355184, 12.4743, 15.4604, 0.355184, 13.7243, 13.4604, 0.355184, 13.7243, 13.4604, 0.355184, 23.7243, 30.2104, 0.355184, 23.7243, -7.53961, 0.355184, 23.7243, -7.53961, 0.355184, 23.4743, -8.28961, 0.355184, 23.2243, -25.5396, 0.355184, 23.7243, -8.28961, 0.355184, 14.2243, -10.7896, 0.355184, 14.2243, -6.78961, 0.355184, 23.2243, -6.78961, 0.355184, 14.2243)
polygons = [PackedInt32Array(2, 1, 0), PackedInt32Array(2, 4, 3), PackedInt32Array(0, 6, 5), PackedInt32Array(2, 0, 4), PackedInt32Array(4, 0, 7), PackedInt32Array(7, 0, 5), PackedInt32Array(8, 3, 9), PackedInt32Array(9, 3, 4), PackedInt32Array(11, 10, 12), PackedInt32Array(12, 10, 13), PackedInt32Array(13, 8, 14), PackedInt32Array(14, 8, 9), PackedInt32Array(14, 9, 15), PackedInt32Array(14, 12, 13), PackedInt32Array(17, 16, 18), PackedInt32Array(18, 16, 19), PackedInt32Array(19, 16, 15), PackedInt32Array(16, 14, 15), PackedInt32Array(21, 20, 22), PackedInt32Array(22, 20, 23), PackedInt32Array(25, 24, 26), PackedInt32Array(26, 24, 27), PackedInt32Array(30, 29, 28), PackedInt32Array(34, 33, 31), PackedInt32Array(31, 33, 32), PackedInt32Array(38, 37, 35), PackedInt32Array(35, 37, 36), PackedInt32Array(41, 40, 39), PackedInt32Array(43, 33, 42), PackedInt32Array(42, 33, 34), PackedInt32Array(45, 44, 38), PackedInt32Array(38, 44, 37), PackedInt32Array(35, 43, 42), PackedInt32Array(10, 11, 37), PackedInt32Array(37, 11, 36), PackedInt32Array(35, 30, 28), PackedInt32Array(41, 46, 42), PackedInt32Array(42, 46, 30), PackedInt32Array(42, 30, 35), PackedInt32Array(39, 49, 47), PackedInt32Array(47, 49, 48), PackedInt32Array(35, 28, 38), PackedInt32Array(46, 41, 50), PackedInt32Array(50, 41, 39), PackedInt32Array(50, 39, 47), PackedInt32Array(50, 47, 51), PackedInt32Array(55, 54, 52), PackedInt32Array(52, 54, 53), PackedInt32Array(59, 58, 56), PackedInt32Array(56, 58, 57), PackedInt32Array(61, 60, 17), PackedInt32Array(63, 62, 61), PackedInt32Array(63, 61, 18), PackedInt32Array(18, 61, 17), PackedInt32Array(66, 65, 64), PackedInt32Array(66, 64, 67), PackedInt32Array(67, 64, 6), PackedInt32Array(6, 64, 5), PackedInt32Array(62, 63, 68), PackedInt32Array(68, 63, 69), PackedInt32Array(69, 63, 70), PackedInt32Array(69, 71, 68), PackedInt32Array(74, 73, 72), PackedInt32Array(34, 31, 75), PackedInt32Array(75, 31, 76), PackedInt32Array(79, 78, 77), PackedInt32Array(82, 81, 80), PackedInt32Array(76, 83, 79), PackedInt32Array(86, 85, 84), PackedInt32Array(72, 75, 76), PackedInt32Array(72, 76, 74), PackedInt32Array(74, 76, 87), PackedInt32Array(87, 76, 80), PackedInt32Array(79, 77, 76), PackedInt32Array(76, 77, 80), PackedInt32Array(80, 77, 82), PackedInt32Array(49, 74, 48), PackedInt32Array(48, 74, 84), PackedInt32Array(84, 74, 87), PackedInt32Array(84, 87, 86), PackedInt32Array(89, 88, 90), PackedInt32Array(90, 88, 91), PackedInt32Array(91, 88, 92), PackedInt32Array(93, 91, 92), PackedInt32Array(96, 95, 97), PackedInt32Array(97, 95, 94), PackedInt32Array(99, 98, 94), PackedInt32Array(94, 98, 97), PackedInt32Array(96, 97, 92), PackedInt32Array(92, 97, 93), PackedInt32Array(93, 97, 100), PackedInt32Array(102, 101, 103), PackedInt32Array(103, 101, 104), PackedInt32Array(103, 104, 105), PackedInt32Array(105, 104, 106), PackedInt32Array(106, 104, 107), PackedInt32Array(107, 104, 108), PackedInt32Array(111, 110, 109), PackedInt32Array(114, 113, 112), PackedInt32Array(116, 115, 117), PackedInt32Array(117, 115, 118), PackedInt32Array(115, 114, 119), PackedInt32Array(119, 114, 109), PackedInt32Array(114, 112, 50), PackedInt32Array(120, 118, 119), PackedInt32Array(119, 118, 115), PackedInt32Array(51, 122, 50), PackedInt32Array(50, 122, 114), PackedInt32Array(114, 122, 109), PackedInt32Array(109, 122, 121), PackedInt32Array(121, 111, 109), PackedInt32Array(124, 123, 125), PackedInt32Array(125, 123, 126), PackedInt32Array(127, 125, 128), PackedInt32Array(128, 125, 121), PackedInt32Array(128, 121, 129), PackedInt32Array(129, 121, 122), PackedInt32Array(131, 130, 127), PackedInt32Array(127, 130, 125), PackedInt32Array(128, 129, 132), PackedInt32Array(132, 129, 133), PackedInt32Array(125, 126, 121), PackedInt32Array(81, 82, 134), PackedInt32Array(134, 82, 135), PackedInt32Array(131, 136, 130), PackedInt32Array(130, 136, 137), PackedInt32Array(86, 138, 85), PackedInt32Array(85, 138, 139), PackedInt32Array(139, 138, 137), PackedInt32Array(137, 138, 135), PackedInt32Array(138, 134, 135), PackedInt32Array(133, 85, 132), PackedInt32Array(132, 85, 139), PackedInt32Array(137, 136, 139), PackedInt32Array(142, 141, 140), PackedInt32Array(144, 143, 142), PackedInt32Array(142, 140, 144), PackedInt32Array(144, 140, 145), PackedInt32Array(145, 140, 70), PackedInt32Array(140, 69, 70), PackedInt32Array(147, 146, 148), PackedInt32Array(148, 146, 149), PackedInt32Array(151, 150, 148), PackedInt32Array(65, 151, 64), PackedInt32Array(64, 151, 149), PackedInt32Array(149, 151, 148), PackedInt32Array(147, 152, 146), PackedInt32Array(146, 152, 144), PackedInt32Array(152, 153, 144), PackedInt32Array(144, 153, 143)]

[node name="Node3D" type="Node3D"]

[node name="WorldEnvironment" type="WorldEnvironment" parent="."]
environment = SubResource("Environment_426s5")

[node name="exit_zone" parent="." instance=ExtResource("5_pua7d")]
transform = Transform3D(1, 0, 0, 0, 1, 0, 0, 0, 1, 1.92026, 0.479679, -11.6276)

[node name="Seller" parent="." instance=ExtResource("7_tx34c")]
transform = Transform3D(0.258261, 0, 0.20543, 0, 0.33, 0, -0.20543, 0, 0.258261, -5.05542, -0.069, -9.152)

[node name="Camera3D2" type="Camera3D" parent="."]
transform = Transform3D(0.707107, -0.5, 0.5, 0, 0.707107, 0.707107, -0.707107, -0.5, 0.5, 11.003, 16.517, 8.548)
projection = 1
current = true
size = 14.371
near = 0.015
far = 1319.93

[node name="DirectionalLight3D2" type="DirectionalLight3D" parent="."]
transform = Transform3D(0.80747, -0.554132, -0.202311, -0.32576, -0.13294, -0.93606, 0.491805, 0.821745, -0.287859, 22.585, 11.468, -6.274)
light_color = Color(0.748635, 0.812688, 0.875873, 1)
light_energy = 2.529
light_indirect_energy = 0.0
light_volumetric_fog_energy = 0.01
light_angular_distance = 9.92
light_specular = 0.0
shadow_enabled = true
shadow_opacity = 0.25
shadow_blur = 6.925

[node name="DirectionalLight3D3" type="DirectionalLight3D" parent="."]
transform = Transform3D(0.7295, -0.49716, 0.469746, -0.226407, 0.472548, 0.851727, -0.645422, -0.727688, 0.232163, 4.504, 20.795, -3.477)
light_color = Color(0.348432, 0.444592, 0.556251, 1)
light_energy = 3.948
light_indirect_energy = 3.039
light_volumetric_fog_energy = 0.0
light_specular = 0.0
shadow_enabled = true
shadow_normal_bias = 3.409
shadow_opacity = 0.62
shadow_blur = 4.446

[node name="DirectionalLight3D4" type="DirectionalLight3D" parent="."]
transform = Transform3D(-0.458132, 0.362824, -0.811464, -0.876688, -0.0337286, 0.479875, 0.146741, 0.931247, 0.333535, -10.1385, 5.7299, -4.02098)
light_color = Color(0.572877, 0.753923, 0.949828, 1)
light_energy = 11.765
light_indirect_energy = 5.16
light_volumetric_fog_energy = 0.0
light_angular_distance = 7.93
light_specular = 0.158
shadow_enabled = true
shadow_bias = 0.83
shadow_normal_bias = 7.731
shadow_transmittance_bias = -16.0
shadow_blur = 0.783
directional_shadow_split_2 = 0.0
directional_shadow_split_3 = 0.385
directional_shadow_fade_start = 0.435
directional_shadow_max_distance = 107.0
directional_shadow_pancake_size = 4.1

[node name="SpotLight3D" type="SpotLight3D" parent="."]
transform = Transform3D(1, 0, 0, 0, 0.0153758, 0.999882, 0, -0.999882, 0.0153758, -5.65582, 4.96124, -9.1021)
light_color = Color(0.782112, 0.658105, 0.399639, 1)
light_energy = 9.968
light_indirect_energy = 0.898
light_volumetric_fog_energy = 1.07
light_size = 0.057
spot_range = 7.79947
spot_angle = 35.1739

[node name="doors" parent="." instance=ExtResource("6_tx34c")]
transform = Transform3D(1, 0, 0, 0, 1, 0, 0, 0, 1, 1.92069, 0.0198642, 1.38808)
script = ExtResource("7_ouefy")

[node name="Area3D" type="Area3D" parent="doors"]

[node name="CollisionShape3D" type="CollisionShape3D" parent="doors/Area3D"]
transform = Transform3D(1, 0, 0, 0, 1, 0, 0, 0, 1, 0, 0, -10.7387)
shape = SubResource("CylinderShape3D_k7fv6")

[node name="NavigationRegion3D" type="NavigationRegion3D" parent="."]
navigation_mesh = SubResource("NavigationMesh_tx34c")

[node name="hrad_2" parent="NavigationRegion3D" instance=ExtResource("1_hwuwg")]

[node name="barricade_003" parent="NavigationRegion3D/hrad_2" index="66"]
transform = Transform3D(3.76862e-09, -0.00880874, 0.0150157, -0.0174088, -1.22831e-09, 3.64866e-09, -7.86741e-10, -0.0150157, -0.00880874, 0.230694, 0.402554, -0.903514)

[node name="Fire" parent="NavigationRegion3D/hrad_2" instance=ExtResource("2_426s5")]
transform = Transform3D(0.880571, -0.183152, 0.437091, 0.169554, 0.983009, 0.070317, -0.442543, 0.0121916, 0.896664, 3.73982, 1.16708, -8.80877)

[node name="Fire2" parent="NavigationRegion3D/hrad_2" instance=ExtResource("2_426s5")]
transform = Transform3D(-0.916964, 0.144729, -0.371794, 0.119927, 0.988774, 0.089124, 0.380519, 0.0371351, -0.924027, 0.353047, 1.14957, -8.14013)

[node name="OmniLight3D3" type="OmniLight3D" parent="NavigationRegion3D/hrad_2"]
transform = Transform3D(0.846043, -0.25756, 0.46677, 0.164419, 0.958933, 0.231115, -0.507127, -0.118788, 0.853646, -6.66685, 2.24714, -6.01952)
light_color = Color(0.729412, 0.521569, 0.380392, 1)
light_energy = 1.074
light_indirect_energy = 0.16
light_volumetric_fog_energy = 0.789
light_size = 0.28
light_specular = 0.885
omni_range = 3.586
omni_attenuation = 1.877

[node name="OmniLight3D4" type="OmniLight3D" parent="NavigationRegion3D/hrad_2"]
transform = Transform3D(0.846043, -0.233323, 0.479345, 0.150891, 0.967177, 0.204453, -0.511315, -0.100647, 0.853479, -6.59686, 2.28477, -0.0644289)
light_color = Color(0.729412, 0.521569, 0.380392, 1)
light_energy = 1.074
light_indirect_energy = 0.16
light_volumetric_fog_energy = 0.789
light_size = 0.28
omni_range = 3.586
omni_attenuation = 1.877

[node name="OmniLight3D2" type="OmniLight3D" parent="NavigationRegion3D/hrad_2"]
transform = Transform3D(0.846043, -0.183076, 0.500694, 0.164419, 0.983009, 0.0816062, -0.507127, 0.0132812, 0.861769, -6.63208, 2.22807, 3.0464)
light_color = Color(0.729412, 0.521569, 0.380392, 1)
light_energy = 1.074
light_indirect_energy = 0.16
light_volumetric_fog_energy = 0.789
light_size = 0.28
omni_range = 3.586
omni_attenuation = 1.877

[node name="OmniLight3D5" type="OmniLight3D" parent="NavigationRegion3D/hrad_2"]
transform = Transform3D(0.846043, -0.208473, 0.490663, 0.164419, 0.977541, 0.131832, -0.507127, -0.0308614, 0.861319, -6.63946, 2.2456, -3.00582)
light_color = Color(0.729412, 0.521569, 0.380392, 1)
light_energy = 1.074
light_indirect_energy = 0.16
light_volumetric_fog_energy = 0.789
light_size = 0.28
omni_range = 3.586
omni_attenuation = 1.877

[node name="OmniLight3D6" type="OmniLight3D" parent="NavigationRegion3D/hrad_2"]
transform = Transform3D(0.436729, -0.520337, 0.733837, 0.179567, 0.849751, 0.495661, -0.881489, -0.0846962, 0.464546, -4.9371, 0.420905, -8.62032)
light_color = Color(0.729412, 0.521569, 0.380392, 1)
light_energy = 0.259
light_indirect_energy = 0.771
light_volumetric_fog_energy = 1.389
light_size = 0.006
light_specular = 4.169
omni_range = 3.586
omni_attenuation = 1.877

[node name="OmniLight3D7" type="OmniLight3D" parent="NavigationRegion3D/hrad_2"]
transform = Transform3D(0.431772, -0.328206, 0.840151, 0.259346, 0.93729, 0.232869, -0.863894, 0.117344, 0.489814, -6.7309, 2.18182, 5.87073)
light_color = Color(0.729412, 0.521569, 0.380392, 1)
light_energy = 1.074
light_indirect_energy = 0.16
light_volumetric_fog_energy = 0.789
light_size = 0.28
omni_range = 3.586
omni_attenuation = 1.877

[node name="Fire3" parent="NavigationRegion3D/hrad_2" instance=ExtResource("2_426s5")]
transform = Transform3D(-0.392241, 0.12625, -0.91116, 0.065963, 0.991847, 0.109034, 0.917497, -0.0173354, -0.39737, -4.22291, 2.12254, 4.50888)

[node name="OmniLight3D8" type="OmniLight3D" parent="NavigationRegion3D/hrad_2"]
transform = Transform3D(-0.549573, -0.731556, 0.403478, -0.205911, 0.58666, 0.783218, -0.809673, 0.347355, -0.473048, -6.3762, 0.706657, -9.58336)
light_color = Color(0.729412, 0.521569, 0.380392, 1)
light_energy = 0.259
light_indirect_energy = 0.771
light_volumetric_fog_energy = 1.389
light_size = 0.006
light_specular = 4.169
omni_range = 3.586
omni_attenuation = 1.877

[node name="Fire4" parent="NavigationRegion3D/hrad_2" instance=ExtResource("2_426s5")]
transform = Transform3D(0.716706, -0.00341364, 0.697369, 0.0425254, 0.998341, -0.0388177, -0.696079, 0.0574766, 0.715661, 8.32193, 2.12527, -0.166812)

[node name="OmniLight3D9" type="OmniLight3D" parent="NavigationRegion3D/hrad_2"]
transform = Transform3D(0.436729, -0.520337, 0.733837, 0.179567, 0.849751, 0.495661, -0.881489, -0.0846962, 0.464546, -2.57265, 2.28277, -8.95763)
light_color = Color(0.729412, 0.521569, 0.380392, 1)
light_energy = 1.074
light_indirect_energy = 0.16
light_volumetric_fog_energy = 0.789
light_size = 0.28
light_specular = 0.885
omni_range = 3.586
omni_attenuation = 1.877

[node name="OmniLight3D10" type="OmniLight3D" parent="NavigationRegion3D/hrad_2"]
transform = Transform3D(-0.0882103, -0.698623, 0.710032, 0.040274, 0.709726, 0.703326, -0.995287, 0.0906364, -0.0344688, 6.90191, 2.31105, -8.9913)
light_color = Color(0.729412, 0.521569, 0.380392, 1)
light_energy = 1.074
light_indirect_energy = 0.16
light_volumetric_fog_energy = 0.789
light_size = 0.28
light_specular = 0.885
omni_range = 3.586
omni_attenuation = 1.877

[node name="enemy_spawns" type="Node3D" parent="."]

[node name="spawn_point1" type="Marker3D" parent="enemy_spawns"]
transform = Transform3D(1, 0, 0, 0, 1, 0, 0, 0, 1, -3.42019, 0, -3.6003)

[node name="spawn_point2" type="Marker3D" parent="enemy_spawns"]
transform = Transform3D(1, 0, 0, 0, 1, 0, 0, 0, 1, 0.617221, 0, -5.19776)

[node name="spawn_point3" type="Marker3D" parent="enemy_spawns"]
transform = Transform3D(1, 0, 0, 0, 1, 0, 0, 0, 1, 3.04398, 0, -5.19776)

[node name="spawn_point4" type="Marker3D" parent="enemy_spawns"]
transform = Transform3D(1, 0, 0, 0, 1, 0, 0, 0, 1, 5.67426, 0, -2.75152)

[node name="spawn_point5" type="Marker3D" parent="enemy_spawns"]
transform = Transform3D(1, 0, 0, 0, 1, 0, 0, 0, 1, 4.42501, 0, -0.814462)

[node name="spawn_point6" type="Marker3D" parent="enemy_spawns"]
transform = Transform3D(1, 0, 0, 0, 1, 0, 0, 0, 1, -3.95022, 0, -0.591003)

[node name="spawn_point7" type="Marker3D" parent="enemy_spawns"]
transform = Transform3D(1, 0, 0, 0, 1, 0, 0, 0, 1, -3.26958, 0, 2.24317)

[node name="spawn_point8" type="Marker3D" parent="enemy_spawns"]
transform = Transform3D(1, 0, 0, 0, 1, 0, 0, 0, 1, 1.47565, 0, 1.04935)

[node name="spawn_point9" type="Marker3D" parent="enemy_spawns"]
transform = Transform3D(1, 0, 0, 0, 1, 0, 0, 0, 1, 4.53298, 0, 2.4494)

[node name="player_spawn" type="Marker3D" parent="."]
transform = Transform3D(1, 0, 0, 0, 1, 0, 0, 0, 1, 1.85648, 0, 4.67751)

[connection signal="body_entered" from="doors/Area3D" to="doors" method="_on_player_enter"]
[connection signal="body_exited" from="doors/Area3D" to="doors" method="_on_player_leave"]

[editable path="NavigationRegion3D/hrad_2"]
